{
  "title": "Map Anywhere \u2014 3DGS Model Browser",
  "subtitle": "Interactive viewer for our trained Gaussian-splat reconstructions",
  "data_base": "./models/",
  "scenes": [
    {
      "id": "seattle",
      "name": "Seattle \u2014 Dense Pano",
      "location": "47.62, -122.35",
      "blurb": "4-rung ablation ladder on the same COLMAP frame. bg-only PSNR vs the 2025 trajectory val set (117 indist views). Rung 3 = final recipe (semantic-freespace eviction, vis=0, free-space violation -48%); rung 4 = +temporal finetune (geometry frozen, appearance re-fit on 2025-only panos \u2014 this is where the colors shift to a single epoch).",
      "models": [
        {
          "id": "r1",
          "label": "1 Baseline RGB-only \u00b7 bgPSNR 22.31",
          "tag": "",
          "file": "seattle_r1.spz",
          "size_mb": 41.9,
          "metrics": "sfml30k_champ_s42 @30k \u00b7 full res",
          "camera": {
            "pos": [
              -29.5722,
              13.1031,
              -0.1626
            ],
            "R": [
              0.73955,
              -0.003521,
              0.673092,
              -0.673061,
              -0.014867,
              0.739438,
              0.007403,
              -0.999883,
              -0.013364
            ],
            "fy": 456.0,
            "height": 512
          }
        },
        {
          "id": "r2",
          "label": "2 +Depth+COLMAP sup \u00b7 bgPSNR 21.61",
          "tag": "",
          "file": "seattle_r2.spz",
          "size_mb": 51.4,
          "metrics": "densab_A2_s42 @30k \u00b7 full res",
          "camera": {
            "pos": [
              -29.5722,
              13.1031,
              -0.1626
            ],
            "R": [
              0.73955,
              -0.003521,
              0.673092,
              -0.673061,
              -0.014867,
              0.739438,
              0.007403,
              -0.999883,
              -0.013364
            ],
            "fy": 456.0,
            "height": 512
          }
        },
        {
          "id": "r3",
          "label": "3 +SemFS eviction (final, vis=0) \u00b7 bgPSNR 21.28 \u00b7 viol 4.66%",
          "tag": "",
          "file": "seattle_r3.spz",
          "size_mb": 44.2,
          "metrics": "rs_semfs2_pc_s42 @30k (champion + sem_freespace 0.2 \u2014 the 'viol 4.64%, -48%' method; 3-seed bg 21.35\u00b10.07, viol 4.57\u00b10.11%) \u00b7 full res",
          "camera": {
            "pos": [
              -29.5722,
              13.1031,
              -0.1626
            ],
            "R": [
              0.73955,
              -0.003521,
              0.673092,
              -0.673061,
              -0.014867,
              0.739438,
              0.007403,
              -0.999883,
              -0.013364
            ],
            "fy": 456.0,
            "height": 512
          }
        },
        {
          "id": "r4",
          "label": "4 +Temporal finetune (2025 pool) \u00b7 bgPSNR 23.51 \u00b7 viol 4.66%",
          "tag": "flagship",
          "file": "seattle_r4.spz",
          "size_mb": 44.7,
          "metrics": "rs_semfs2ft_s42 @30k (all-year geom 0-20k -> freeze -> 2025-only appearance; 3-seed bg 23.53\u00b10.03, viol 4.60\u00b10.13% \u2014 freeze holds rung-3 geometry) \u00b7 full res",
          "camera": {
            "pos": [
              -29.5722,
              13.1031,
              -0.1626
            ],
            "R": [
              0.73955,
              -0.003521,
              0.673092,
              -0.673061,
              -0.014867,
              0.739438,
              0.007403,
              -0.999883,
              -0.013364
            ],
            "fy": 456.0,
            "height": 512
          }
        }
      ]
    },
    {
      "id": "riverside",
      "name": "Riverside \u2014 TC Intersection",
      "location": "33.9757, -117.3399",
      "blurb": "Ablation ladder on the same COLMAP frame. Rungs 1-3: bg-only PSNR vs the 2025 val set (15 views \u2014 only 5 panos from 2025, noisy). Rungs 4/5: EPOCH-MATCHED temporal finetune \u2014 eval protocol follows the finetune pool (r4: 2024 pool, 21 panos, 63-view val; r5: 2025 pool, 5 panos, 15-view val = narrow-specialization upper bound). Cross-protocol numbers are not directly comparable.",
      "models": [
        {
          "id": "r1",
          "label": "1 Baseline RGB-only \u00b7 bgPSNR 19.12",
          "tag": "",
          "file": "riverside_r1.spz",
          "size_mb": 46.0,
          "metrics": "rs_riverside_plain_s42 @30k \u00b7 full res",
          "camera": {
            "pos": [
              -13.4229,
              -21.0238,
              -0.0358
            ],
            "R": [
              0.192525,
              -0.004973,
              -0.981279,
              0.980102,
              -0.048264,
              0.192539,
              -0.048318,
              -0.998822,
              -0.004418
            ],
            "fy": 456.02,
            "height": 512
          }
        },
        {
          "id": "r2",
          "label": "2 +Depth+COLMAP sup \u00b7 bgPSNR 16.77",
          "tag": "",
          "file": "riverside_r2.spz",
          "size_mb": 55.6,
          "metrics": "rs_riverside_champion_v2_s42 @30k \u00b7 full res",
          "camera": {
            "pos": [
              -13.4229,
              -21.0238,
              -0.0358
            ],
            "R": [
              0.192525,
              -0.004973,
              -0.981279,
              0.980102,
              -0.048264,
              0.192539,
              -0.048318,
              -0.998822,
              -0.004418
            ],
            "fy": 456.02,
            "height": 512
          }
        },
        {
          "id": "r3",
          "label": "3 +SemFS eviction \u00b7 bgPSNR 16.12",
          "tag": "",
          "file": "riverside_r3.spz",
          "size_mb": 55.2,
          "metrics": "rs_riverside_semfs02_s42 @30k \u00b7 full res",
          "camera": {
            "pos": [
              -13.4229,
              -21.0238,
              -0.0358
            ],
            "R": [
              0.192525,
              -0.004973,
              -0.981279,
              0.980102,
              -0.048264,
              0.192539,
              -0.048318,
              -0.998822,
              -0.004418
            ],
            "fy": 456.02,
            "height": 512
          }
        },
        {
          "id": "r4",
          "label": "4 +Temporal finetune (2024 pool) \u00b7 bgPSNR 22.61 @2024-val",
          "tag": "flagship",
          "file": "riverside_r4.spz",
          "size_mb": 47.3,
          "metrics": "rs_riverside_semfs02ft24_s42 @30k (geom 0-20k -> freeze -> 2024-only appearance; 21 panos, 63-view val; 3-seed bg 22.57\u00b10.05, viol 5.43\u00b10.03%) \u00b7 full res",
          "camera": {
            "pos": [
              -13.4229,
              -21.0238,
              -0.0358
            ],
            "R": [
              0.192525,
              -0.004973,
              -0.981279,
              0.980102,
              -0.048264,
              0.192539,
              -0.048318,
              -0.998822,
              -0.004418
            ],
            "fy": 456.02,
            "height": 512
          }
        },
        {
          "id": "r5",
          "label": "5 +Temporal finetune (2025 pool, narrow) \u00b7 bgPSNR 24.80 @2025-val",
          "tag": "",
          "file": "riverside_r5.spz",
          "size_mb": 47.3,
          "metrics": "rs_riverside_semfs02ft_s42 @30k (2025 pool = only 5 panos -> narrow-specialization upper bound; 15-view val; 3-seed bg 24.76\u00b10.04, viol 5.83\u00b10.10%) \u00b7 full res",
          "camera": {
            "pos": [
              -13.4229,
              -21.0238,
              -0.0358
            ],
            "R": [
              0.192525,
              -0.004973,
              -0.981279,
              0.980102,
              -0.048264,
              0.192539,
              -0.048318,
              -0.998822,
              -0.004418
            ],
            "fy": 456.02,
            "height": 512
          }
        }
      ]
    }
  ]
}